3 true 234 154 165 141 125 65
2 true 223 220 24 63 75 215
3 false 50 40 244 62 48 22
7 true 245 22 106 89 251 188
6 true 100 206 49 215 64 14
5 false 151 147 149 160 117 81
7 true 8 73 120 230 121 246
3 true 13 201 237 41 336 120
4 false 252 174 96 129 125 235
4 false 75 37 120 209 164 216
5 true 91 169 173 222 135 21
5 false 144 137 43 32 147 151
6 true 115 93 190 8 220 29
2 false 38 35 54 85 216 101
4 true 60 148 131 231 88 114
3 true 88 193 138 25 156 35
6 true 92 124 120 186 47 26
6 true 246 13 76 79 109 231
4 true 112 73 182 99 179 13
4 true 50 254 46 37 139 113
3 false 74 83 86 114 213 29
3 false 106 59 47 181 142 137
7 false 105 45 116 22 129 14
5 true 121 232 236 144 47 159
2 true 182 27 86 124 208 162
5 true 87 242 55 60 32 108
6 false 252 48 63 60 99 22
5 false 222 132 116 73 246 29
5 true 230 153 aa 105 50 250
7 true 208 109 178 193 97 148
4 false 69 190 84 184 207 53
4 false 31 138 44 223 98 9
7 false 21 230 92 29 187 75
6 true 211 138 114 252 3 200
3 true 92 95 86 3 124 127
7 true 234 131 51 117 141 41
7 false 11 3 70 194 222 181
2 true 178 227 11 46 112 47
6 true 52 92 122 187 203 212
7 true 184 240 44 59 147 52
2 true 14 20 66 119 290 220
2 false 162 160 252 12 153 83
6 true 83 25 244 122 123 52
2 false 199 72 166 95 128 169
2 false 53 244 174 99 119 19
4 true 8 164 32 178 229 232
2 true 168 117 234 65 97 85
7 true 145 117 73 145 159 140
4 true 143 235 151 5 229 231
3 true 83 117 239 86 43 251
4 true 60 148 131 231 88 114
3 true 88 193 138 25 156 35
6 true 92 124 120 186 47 26
6 true 246 13 76 79 109 231
4 true 112 73 182 99 179 13
4 true 50 254 46 37 139 113
3 false 74 83 86 114 213 29
3 false 106 59 47 181 142 137
7 false 105 45 116 22 129 14
5 true 121 232 236 144 47 159
7 false 11 3 70 194 222 181
2 true 178 227 11 46 112 47
6 true 52 92 122 187 203 212
7 true 184 240 44 59 147 52
2 true 14 20 66 119 99 220
2 false 162 160 252 12 153 83
6 true 83 25 244 122 123 52
2 false 199 72 166 95 128 169
2 false 53 244 174 99 119 19
4 true 8 164 32 178 229 232
2 true 168 117 234 65 97 85
7 true 145 117 73 145 159 140
4 true 143 235 151 5 229 231
3 true 234 154 165 141 125 65
2 true 223 220 24 63 75 215
3 false 50 40 244 62 48 22
7 false 245 22 106 89 251 188
6 true 100 206 49 215 64 14
5 false 151 147 149 160 117 81
7 true 4 73 120 230 121 246
